#
# From work on CSC2, here are some missing obsids
# Use addobsidlist on this file to add them to the database.
#
437
602
738
742
1520
1950
2037
3576
3699
3700
3701
3925
4130
4201
4373
4374
4396
4480
4488
4538
4539
4540
4542
4602
4678
4695
4714
4747
4801
4802
4828
4856
4860
4861
4863
4864
4917
4971
4974
5193
5246
5364
5365
5415
5416
5417
5418
5501
5577
6128
6164
6293
6388
6437
6603
6604
6686
6688
6717
6757
6766
6975
7058
7080
7138
7283
7337
7338
7366
7367
7368
7393
7429
7448
7455
7493
7516
7532
7552
7579
7734
7775
7789
7800
7841
7852
7860
7867
7933
8016
8051
8190
8234
8547
8550
8912
8932
8945
8972
8988
9002
9025
9098
9104
9113
9134
9197
9226
9230
9237
9245
9261
9278
9282
9287
9319
9373
9398
9399
9412
9432
9474
9495
9517
9518
9527
9530
9549
9603
9721
9722
9726
9832
9848
9849
9853
9855
9863
9864
9865
9866
9867
9868
9870
9871
9872
9873
9910
9953
9957
9975
10059
10066
10112
10123
10126
10133
10144
10152
10168
10231
10239
10244
10257
10289
10290
10324
10345
10362
10369
10372
10411
10477
10508
10510
10538
10549
10560
10687
10719
10789
10886
10910
10915
10928
10929
10937
10991
10998
10999
11000
11001
11008
11009
11010
11011
11016
11020
11071
11081
11104
11229
11240
11241
11250
11267
11277
11284
11293
11298
11299
11300
11344
11347
11354
11358
11383
11384
11431
11443
11445
11446
11448
11451
11478
11491
11492
11494
11496
11499
11501
11505
11508
11534
11538
11547
11589
11643
11644
11652
11662
11673
11683
11690
11691
11695
11707
11712
11718
11730
11764
11777
11797
11798
11801
11850
11859
11881
11883
11956
11957
11958
12052
12056
12057
12058
12059
12062
12153
12158
12168
12174
12176
12220
12267
12275
12278
12283
12337
12374
12389
12410
12439
12441
12466
12471
12477
12478
12485
12486
12491
12536
12556
12619
12688
12690
12691
12692
12693
12694
12697
12704
12705
12739
12751
12772
12805
12813
12831
12853
12863
12882
12905
12912
12919
12920
12942
12944
12945
12951
12952
12953
12963
12980
12982
12989
12994
12996
13012
13016
13017
13106
13107
13139
13153
13154
13244
13246
13247
13248
13256
49899
