7024
7025
7026
7027
7028
7065
7066
7178
7179
7192
7193
7207
7213
7214
7215
7260
7299
7300
7301
7317
7318
7357
7358
7482
7483
7484
7485
7486
7487
7488
7494
7495
7496
7499
7500
7502
7506
7507
7508
7510
7546
7547
7548
7549
7550
7551
7560
7565
7566
7571
7572
7574
7575
7590
7595
7596
7597
7598
7599
7600
7601
7602
7611
7612
7613
7614
7615
7622
7623
7624
7625
7631
7632
7633
7634
7644
7647
7648
7650
7651
7652
7653
7654
7655
7656
7657
7658
7659
7660
7661
7662
7663
7664
7665
7666
7667
7668
7669
7670
7671
7672
7673
7674
7675
7676
7677
7678
7679
7680
7681
7682
7685
7729
7730
7731
7732
7737
7762
7949
7950
7951
7952
7953
7954
7955
7956
7957
7958
7959
7960
7961
7962
7963
7964
7965
7966
7967
7968
7969
7970
7971
7972
7973
7974
7975
7976
7977
7978
7979
7980
7981
7982
7983
7984
7985
7986
7987
7988
7989
7990
7991
7992
7993
7994
