2002
2003
2004
2005
2006
2007
2008
2009
2012
2013
2122
2123
2124
2125
2299
2301
2302
2303
2325
2326
2327
2328
2329
2387
2394
2395
2396
2397
2422
2425
2457
2460
2461
2466
2467
2470
2495
2496
2497
2498
2499
2500
2501
2502
2507
2509
2510
2511
2673
2674
2675
2682
2701
2711
2712
2713
2715
2716
2717
2719
2720
2722
2723
2725
2726
2728
2729
2747
2753
2761
2765
2766
2767
2768
2769
2770
2775
2776
2777
2778
3161
3162
3163
3164
3165
3178
3179
3362
3396
3397
3398
3420
3421
3424
3425
3426
3429
3430
3431
3435
3438
3439
3440
3442
3443
3444
3446
3458
3465
3466
3467
3468
3469
3470
3497
3500
3506
3702
3723
3782
3783
3857
3859
3866
3867
3868
3869
3872
3873
3874
3875
3914
3916
3917
3919
3923
3989
3990
3991
3992
