13026
13027
13028
13029
13030
13036
13037
13038
13039
13040
13041
13042
13043
13044
13045
13047
13096
13131
13156
13186
13221
13242
13243
13245
13249
13251
13259
13260
13263
13264
13277
13408
13421
13437
13514
13520
13521
13523
13524
13526
13527
13652
13685
13687
13688
13690
13691
13692
13693
13694
13695
13696
13697
13698
13699
13700
13701
13702
13703
13707
13709
13729
13732
13744
13745
13758
13759
13760
13761
13762
13778
13779
13786
13866
13867
13868
13869
13870
13904
13908
13909
13910
13911
13912
13913
13914
13915
13916
13917
13918
13938
13939
13940
13941
13942
13943
13944
13945
13946
13975
