4366
4450
4516
4534
4545
4563
4578
4579
4580
4581
4609
4610
4625
4647
4648
4655
4656
4658
4677
4808
4809
4810
4811
5037
5198
5199
5200
5201
5202
5203
5204
5205
5206
5207
5208
5209
5210
5211
5212
5213
5214
5215
5216
5217
5218
5219
5220
5221
5222
5223
5224
5225
5226
5227
5228
5229
5230
5231
5232
5233
5234
5235
5236
5237
5238
5239
5242
5243
5328
5333
5334
5335
5354
5371
5430
5439
5446
5447
5451
5452
5453
5454
5457
5458
5459
5462
5463
5465
5466
5467
5502
5503
5504
5509
5510
5521
5539
5565
5566
5567
5568
5569
5570
5571
5572
5575
5576
5578
5620
5621
5622
5623
5728
5840
5916
5917
5918
5919
5920
6044
6045
6046
6047
6048
6058
6059
6061
6062
6063
6064
6065
6066
6084
6085
6086
6087
6092
6123
6124
6125
6126
6130
6144
6168
6176
6205
6206
6208
6209
6234
6243
6246
6253
6254
6255
6256
6404
6582
6583
6584
6591
6592
6593
6594
6595
6596
6607
6608
6609
6610
6611
6614
6619
6620
6621
6625
6626
6651
6652
6653
6662
6663
6664
6665
6666
6667
6670
6671
6672
6673
6682
6710
6711
6712
6713
6723
6724
6728
6776
6777
6818
6865
6866
6897
6899
