11017
11023
11027
11028
11035
11036
11037
11038
11039
11040
11042
11043
11046
11047
11049
11050
11052
11054
11057
11061
11062
11063
11064
11074
11079
11091
11094
11107
11108
11109
11110
11111
11112
11113
11115
11116
11117
11118
11119
11120
11121
11126
11127
11128
11129
11130
11131
11132
11133
11134
11135
11136
11137
11138
11139
11140
11141
11142
11143
11144
11145
11146
11147
11148
11149
11150
11151
11152
11153
11154
11155
11156
11157
11158
11159
11160
11161
11162
11163
11164
11165
11166
11167
11168
11169
11170
11171
11172
11173
11174
11175
11178
11179
11180
11181
11182
11183
11184
11185
11186
11187
11188
11189
11190
11191
11192
11193
11194
11195
11196
11197
11198
11199
11200
11201
11202
11203
11204
11205
11206
11207
11208
11209
11210
11211
11212
11213
11214
11215
11216
11217
11218
11219
11220
11221
11222
11223
11224
11225
11242
11243
11244
11246
11247
11248
11253
11254
11255
11257
11258
11259
11312
11315
11321
11323
11332
11343
11356
11359
11366
11372
11374
11392
11393
11394
11395
11396
11397
11398
11399
11400
11401
11402
11403
11404
11405
11406
11407
11408
11409
11410
11411
11412
11413
11414
11415
11416
11417
11418
11419
11420
11421
11422
11423
11424
11425
11426
11427
11428
11429
11430
11434
11435
11436
11437
11438
11511
11521
11522
11523
11524
11525
11526
11527
11528
11529
11593
11594
11595
11596
11597
11598
11599
11600
11601
11602
11603
11604
11614
11615
11616
11626
11628
11630
11632
11638
11640
11642
11646
11647
11648
11650
11651
11654
11656
11686
11740
11745
11773
11774
11794
11806
11810
11811
11820
11824
11844
11860
11861
11862
11863
11869
11872
11873
11875
11885
11968
11969
11971
11973
11986
11992
11995
