8114
8115
8116
8117
8118
8119
8121
8132
8133
8134
8135
8136
8137
8228
8264
8379
8381
8382
8383
8384
8385
8386
8387
8389
8390
8391
8392
8393
8394
8395
8397
8398
8399
8400
8401
8402
8403
8404
8405
8406
8407
8408
8409
8410
8411
8412
8413
8414
8415
8416
8417
8418
8419
8420
8421
8422
8423
8424
8425
8426
8427
8428
8429
8430
8431
8432
8433
8434
8435
8437
8438
8439
8440
8441
8442
8443
8463
8466
8475
8499
8501
8520
8540
8561
8562
8586
8587
8600
8618
8776
8777
8778
8779
8780
8781
8782
8783
8784
8785
8786
8787
8788
8789
8790
8791
8792
8793
8794
8795
8796
8797
8798
8799
8800
8801
8802
8803
8804
8805
8806
8807
8808
8809
8810
8815
8816
8817
8818
8819
8820
8821
8822
8823
8824
8825
8826
8827
8828
8829
8830
8831
8832
8833
8834
8835
8836
8837
8838
8839
8840
8841
8842
8843
8844
8845
8846
8847
8848
8849
8850
8851
8852
8853
8854
8855
8856
8857
8858
8859
8860
8861
8862
8863
8864
8865
8866
8867
8868
8869
8870
8871
8872
8873
8874
8875
8876
8877
8878
8879
8880
8881
8882
8883
8884
8885
8886
8887
8888
8889
8890
8926
8927
8928
8968
8969
8970
8971
8973
8977
8978
8979
8980
8981
8982
8983
8991
8992
8994
8995
8996
8997
8998
8999
