9009
9010
9018
9019
9020
9021
9022
9024
9029
9043
9044
9045
9046
9047
9069
9089
9090
9091
9092
9102
9110
9124
9125
9126
9127
9128
9129
9130
9136
9137
9146
9151
9175
9176
9177
9178
9179
9207
9208
9210
9211
9212
9213
9214
9215
9216
9277
9337
9338
9339
9340
9342
9343
9344
9346
9347
9348
9349
9350
9351
9352
9353
9354
9355
9356
9357
9358
9359
9360
9361
9362
9363
9364
9365
9366
9367
9431
9433
9462
9464
9465
9466
9467
9468
9469
9470
9471
9472
9473
9475
9476
9477
9478
9572
9576
9577
9586
9587
9618
9639
9728
9732
9751
9766
9818
9819
9820
9821
9822
9834
9869
9888
9901
9902
9904
9905
9907
9908
9968
9971
9972
9973
9974
