15508
15509
15510
15512
15513
15514
15515
15516
15517
15518
15519
15520
15521
15522
15523
15525
15526
15527
15528
15529
15530
15531
15532
15533
15534
15535
15539
15545
15599
15601
15602
15650
15682
15683
15684
15685
15686
15687
15688
15689
15691
15692
15693
15694
15695
15696
15697
15698
15745
15746
15754
15755
15762
15763
15764
15766
15767
15768
15769
15770
15772
15773
15774
15775
15776
15777
15778
15779
15798
15802
15805
15811
15812
15813
15814
15815
15816
15817
15818
15819
15820
15821
15822
15823
15824
15825
15826
15827
15828
15829
15830
15831
15832
15833
15834
15835
15836
15837
15838
15839
15840
15841
15842
15843
15844
15845
15846
15847
15848
15849
15850
15851
15852
15853
15854
15855
15856
15857
15858
15859
15860
15861
15862
15863
15864
15865
15866
15867
15868
15876
15877
15878
15879
15880
15881
15882
15883
15884
15885
15886
15887
15888
15889
15890
15891
15892
15893
15894
15895
15896
15897
15898
15899
15900
15901
15902
15903
15904
15905
15906
15907
15908
15909
15910
15911
15912
15913
15914
15915
15916
15917
15918
15919
15920
15921
15922
15923
15924
15925
15926
15927
15928
15929
15930
15931
15932
15933
15934
15935
15936
15937
15938
15939
15940
15941
15942
15943
15944
15945
15946
15947
15948
15949
15950
15951
15952
15953
15954
15955
15956
15957
15958
15959
15960
15961
15962
15963
15964
15965
15987
15995
15996
15997
