# database was queried to find all obsids < 1000 which are not known
1
3
4
12
13
16
18
22
33
34
35
36
38
39
40
41
42
43
44
45
46
50
51
52
53
54
55
56
59
60
61
63
64
65
66
67
68
74
91
94
96
101
105
106
107
110
111
112
119
120
123
124
131
132
133
134
137
138
143
145
147
149
151
153
156
157
158
159
160
161
162
163
164
165
166
167
168
170
171
172
173
174
175
176
177
178
179
180
181
182
183
184
185
186
187
188
189
190
191
192
193
195
196
197
199
200
201
202
203
204
205
206
207
208
209
210
211
212
213
214
215
216
217
218
219
220
221
222
238
242
244
256
280
292
303
320
333
334
336
337
338
339
340
345
361
368
369
376
381
382
392
393
394
395
396
397
419
432
447
448
449
450
451
452
453
454
455
456
457
458
462
463
464
465
466
467
468
469
470
471
472
473
474
475
476
477
478
479
480
481
482
483
484
485
486
487
488
489
490
491
501
502
503
509
510
513
515
518
519
521
523
526
532
536
542
549
553
555
556
558
559
560
561
563
564
565
566
567
568
569
570
571
572
573
574
575
576
577
578
580
581
#  592 this is cancelled so has no ra/dec which messes up the ingest
#  594 ditto
595
596
# 600
631
678
680
681
683
684
685
686
688
691
692
693
694
695
696
697
698
699
707
761
762
763
764
# 778
779
823
824
825
826
912
916
917
928
960
961
965
966
967
968
