12004
12015
12041
12042
12060
12061
12064
12065
12066
12067
12068
12069
12070
12071
12072
12183
12184
12190
12192
12193
12214
12297
12298
12299
12311
12319
12323
12346
12347
12351
12353
12356
12357
12402
12407
12408
12409
12411
12412
12413
12434
12435
12436
12445
12446
12452
12455
12460
12539
12550
12551
12552
12553
12555
12565
12566
12568
12569
12570
12571
12572
12573
12574
12575
12576
12577
12578
12579
12580
12581
12582
12583
12584
12585
12586
12587
12588
12589
12590
12591
12592
12593
12594
12595
12596
12597
12598
12599
12600
12601
12602
12603
12604
12605
12606
12607
12608
12609
12610
12611
12616
12617
12620
12621
12622
12623
12624
12625
12626
12627
12628
12629
12630
12631
12632
12633
12634
12635
12636
12637
12638
12639
12640
12641
12642
12643
12644
12645
12646
12647
12648
12649
12650
12651
12652
12653
12654
12655
12656
12657
12658
12659
12660
12661
12662
12663
12664
12665
12666
12667
12672
12673
12674
12701
12755
12756
12757
12758
12759
12760
12761
12762
12763
12773
12774
12775
12776
12777
12778
12779
12780
12781
12782
12783
12784
12785
12786
12787
12788
12789
12790
12791
12792
12798
12874
12875
12918
12922
12923
12954
