10028
10029
10030
10031
10032
10033
10034
10035
10038
10039
10040
10041
10043
10044
10045
10046
10047
10048
10050
10051
10054
10055
10056
10057
10058
10071
10072
10073
10074
10075
10076
10077
10078
10085
10086
10099
10100
10101
10103
10104
10105
10114
10115
10117
10121
10128
10141
10158
10159
10160
10161
10162
10163
10165
10166
10167
10169
10170
10171
10172
10173
10174
10175
10176
10177
10178
10179
10180
10181
10182
10183
10184
10189
10190
10191
10192
10193
10194
10195
10196
10197
10198
10199
10200
10201
10202
10203
10204
10205
10206
10207
10208
10209
10210
10211
10212
10213
10214
10215
10216
10217
10218
10219
10220
10236
10238
10243
10245
10247
10248
10250
10251
10253
10254
10278
10280
10298
10299
10300
10301
10302
10322
10323
10333
10334
10335
10336
10337
10338
10339
10340
10341
10364
10494
10557
10558
10666
10674
10680
10685
10686
10706
10714
10772
10773
10774
10788
10813
10913
10927
10994
